(new, old)
Jun26-Diagonal-Attempt: 0.96515, 0.993523491372 +- 0.0071043388995
Jun26-Vertical-Attempt: 0.98147, 0.976958487318 +- 0.0250319861687
Jun27-q45-QST: 0.93094, 0.966023518313 +- 0.00267092906939
Jun28-q30-QST: 0.98262, 0.999872922344 +- 0.0543634581739
Jun28-q50-QST: 0.69616, 0.764479354629 +- 0.00323669633126
