Old:
X: 0.05901975469870058 +- 0.004787496979676509
Y: 0.5529720741522772 +- 0.0018838439074918556
Z: -0.18304572867798907 +- -9.438883434714773e-05

New:
X: 0.05901975469870058 +- 0.00512078040295838
Y: 0.5529720741522772 +- 0.005673962692274825
Z: -0.18304572867798907 +- 0.0003291533912500588